# INPUT_CELL_CARD
4.0 0.0 0.0
0.0 4.0 0.0
0.0 0.0 4.0
# END INPUT_CELL_CARD

Neighbour 25

# INPUT_Js
25.116584143611217
14.57904505050389
-0.708850521323485
-2.388932055445415
-0.518413067833594
0.16716176473001532
0.08252289651228567
0.05289929263607921
-0.6199797096948699
0.5184130678335925
-0.31527978411104274
-0.0655951228687412
0.31104784070015606
-0.19255342519533564
1.102421258535925
-0.15446593449735635
-0.2560325763586323
-0.01904374534898965
0.10791455697760481
0.02327568875987577
0.019043745348988443
-0.07829095310139955
0.0105798585272156
0.019043745348989047
-0.07405900969051282
# END INPUT_Js

# INPUT_ATOMS_CARD_FRAC
Fe 0.0 0.0 0.0 2.26 0.0 0.0
# END INPUT_ATOMS_CARD_FRAC

# INPUT_LOCAL_Jij
# END INPUT_LOCAL_Jij

# INPUT_Ks
# END INPUT_Ks

# INPUT_LOCAL_ANISOTROPIES 
# END INPUT_LOCAL_ANISOTROPIES

# KPATH_CARD
0.0 0.0 0.0
0.004273504273504274 -0.004273504273504274 0.004273504273504274
0.008547008547008548 -0.008547008547008548 0.008547008547008548
0.012820512820512822 -0.012820512820512822 0.012820512820512822
0.017094017094017096 -0.017094017094017096 0.017094017094017096
0.021367521367521368 -0.021367521367521368 0.021367521367521368
0.025641025641025644 -0.025641025641025644 0.025641025641025644
0.02991452991452992 -0.02991452991452992 0.02991452991452992
0.03418803418803419 -0.03418803418803419 0.03418803418803419
0.038461538461538464 -0.038461538461538464 0.038461538461538464
0.042735042735042736 -0.042735042735042736 0.042735042735042736
0.047008547008547015 -0.047008547008547015 0.047008547008547015
0.05128205128205129 -0.05128205128205129 0.05128205128205129
0.05555555555555556 -0.05555555555555556 0.05555555555555556
0.05982905982905984 -0.05982905982905984 0.05982905982905984
0.06410256410256411 -0.06410256410256411 0.06410256410256411
0.06837606837606838 -0.06837606837606838 0.06837606837606838
0.07264957264957266 -0.07264957264957266 0.07264957264957266
0.07692307692307693 -0.07692307692307693 0.07692307692307693
0.0811965811965812 -0.0811965811965812 0.0811965811965812
0.08547008547008547 -0.08547008547008547 0.08547008547008547
0.08974358974358976 -0.08974358974358976 0.08974358974358976
0.09401709401709403 -0.09401709401709403 0.09401709401709403
0.0982905982905983 -0.0982905982905983 0.0982905982905983
0.10256410256410257 -0.10256410256410257 0.10256410256410257
0.10683760683760685 -0.10683760683760685 0.10683760683760685
0.11111111111111112 -0.11111111111111112 0.11111111111111112
0.11538461538461539 -0.11538461538461539 0.11538461538461539
0.11965811965811968 -0.11965811965811968 0.11965811965811968
0.12393162393162395 -0.12393162393162395 0.12393162393162395
0.12820512820512822 -0.12820512820512822 0.12820512820512822
0.13247863247863248 -0.13247863247863248 0.13247863247863248
0.13675213675213677 -0.13675213675213677 0.13675213675213677
0.14102564102564105 -0.14102564102564105 0.14102564102564105
0.1452991452991453 -0.1452991452991453 0.1452991452991453
0.1495726495726496 -0.1495726495726496 0.1495726495726496
0.15384615384615385 -0.15384615384615385 0.15384615384615385
0.15811965811965814 -0.15811965811965814 0.15811965811965814
0.1623931623931624 -0.1623931623931624 0.1623931623931624
0.16666666666666669 -0.16666666666666669 0.16666666666666669
0.17094017094017094 -0.17094017094017094 0.17094017094017094
0.17521367521367523 -0.17521367521367523 0.17521367521367523
0.17948717948717952 -0.17948717948717952 0.17948717948717952
0.18376068376068377 -0.18376068376068377 0.18376068376068377
0.18803418803418806 -0.18803418803418806 0.18803418803418806
0.19230769230769232 -0.19230769230769232 0.19230769230769232
0.1965811965811966 -0.1965811965811966 0.1965811965811966
0.20085470085470086 -0.20085470085470086 0.20085470085470086
0.20512820512820515 -0.20512820512820515 0.20512820512820515
0.20940170940170943 -0.20940170940170943 0.20940170940170943
0.2136752136752137 -0.2136752136752137 0.2136752136752137
0.21794871794871798 -0.21794871794871798 0.21794871794871798
0.22222222222222224 -0.22222222222222224 0.22222222222222224
0.22649572649572652 -0.22649572649572652 0.22649572649572652
0.23076923076923078 -0.23076923076923078 0.23076923076923078
0.23504273504273507 -0.23504273504273507 0.23504273504273507
0.23931623931623935 -0.23931623931623935 0.23931623931623935
0.2435897435897436 -0.2435897435897436 0.2435897435897436
0.2478632478632479 -0.2478632478632479 0.2478632478632479
0.2521367521367522 -0.2521367521367522 0.2521367521367522
0.25641025641025644 -0.25641025641025644 0.25641025641025644
0.2606837606837607 -0.2606837606837607 0.2606837606837607
0.26495726495726496 -0.26495726495726496 0.26495726495726496
0.2692307692307693 -0.2692307692307693 0.2692307692307693
0.27350427350427353 -0.27350427350427353 0.27350427350427353
0.2777777777777778 -0.2777777777777778 0.2777777777777778
0.2820512820512821 -0.2820512820512821 0.2820512820512821
0.28632478632478636 -0.28632478632478636 0.28632478632478636
0.2905982905982906 -0.2905982905982906 0.2905982905982906
0.2948717948717949 -0.2948717948717949 0.2948717948717949
0.2991452991452992 -0.2991452991452992 0.2991452991452992
0.30341880341880345 -0.30341880341880345 0.30341880341880345
0.3076923076923077 -0.3076923076923077 0.3076923076923077
0.311965811965812 -0.311965811965812 0.311965811965812
0.3162393162393163 -0.3162393162393163 0.3162393162393163
0.32051282051282054 -0.32051282051282054 0.32051282051282054
0.3247863247863248 -0.3247863247863248 0.3247863247863248
0.3290598290598291 -0.3290598290598291 0.3290598290598291
0.33333333333333337 -0.33333333333333337 0.33333333333333337
0.33760683760683763 -0.33760683760683763 0.33760683760683763
0.3418803418803419 -0.3418803418803419 0.3418803418803419
0.3461538461538462 -0.3461538461538462 0.3461538461538462
0.35042735042735046 -0.35042735042735046 0.35042735042735046
0.3547008547008547 -0.3547008547008547 0.3547008547008547
0.35897435897435903 -0.35897435897435903 0.35897435897435903
0.3632478632478633 -0.3632478632478633 0.3632478632478633
0.36752136752136755 -0.36752136752136755 0.36752136752136755
0.3717948717948718 -0.3717948717948718 0.3717948717948718
0.3760683760683761 -0.3760683760683761 0.3760683760683761
0.3803418803418804 -0.3803418803418804 0.3803418803418804
0.38461538461538464 -0.38461538461538464 0.38461538461538464
0.38888888888888895 -0.38888888888888895 0.38888888888888895
0.3931623931623932 -0.3931623931623932 0.3931623931623932
0.39743589743589747 -0.39743589743589747 0.39743589743589747
0.4017094017094017 -0.4017094017094017 0.4017094017094017
0.40598290598290604 -0.40598290598290604 0.40598290598290604
0.4102564102564103 -0.4102564102564103 0.4102564102564103
0.41452991452991456 -0.41452991452991456 0.41452991452991456
0.41880341880341887 -0.41880341880341887 0.41880341880341887
0.42307692307692313 -0.42307692307692313 0.42307692307692313
0.4273504273504274 -0.4273504273504274 0.4273504273504274
0.43162393162393164 -0.43162393162393164 0.43162393162393164
0.43589743589743596 -0.43589743589743596 0.43589743589743596
0.4401709401709402 -0.4401709401709402 0.4401709401709402
0.4444444444444445 -0.4444444444444445 0.4444444444444445
0.4487179487179488 -0.4487179487179488 0.4487179487179488
0.45299145299145305 -0.45299145299145305 0.45299145299145305
0.4572649572649573 -0.4572649572649573 0.4572649572649573
0.46153846153846156 -0.46153846153846156 0.46153846153846156
0.4658119658119659 -0.4658119658119659 0.4658119658119659
0.47008547008547014 -0.47008547008547014 0.47008547008547014
0.4743589743589744 -0.4743589743589744 0.4743589743589744
0.4786324786324787 -0.4786324786324787 0.4786324786324787
0.48290598290598297 -0.48290598290598297 0.48290598290598297
0.4871794871794872 -0.4871794871794872 0.4871794871794872
0.4914529914529915 -0.4914529914529915 0.4914529914529915
0.4957264957264958 -0.4957264957264958 0.4957264957264958
0.5 -0.5 0.5
0.4947916666666667 -0.4947916666666667 0.5
0.4895833333333333 -0.4895833333333333 0.5
0.484375 -0.484375 0.5
0.4791666666666667 -0.4791666666666667 0.5
0.4739583333333333 -0.4739583333333333 0.5
0.46875 -0.46875 0.5
0.4635416666666667 -0.4635416666666667 0.5
0.4583333333333333 -0.4583333333333333 0.5
0.453125 -0.453125 0.5
0.4479166666666667 -0.4479166666666667 0.5
0.4427083333333333 -0.4427083333333333 0.5
0.4375 -0.4375 0.5
0.4322916666666667 -0.4322916666666667 0.5
0.42708333333333337 -0.42708333333333337 0.5
0.421875 -0.421875 0.5
0.4166666666666667 -0.4166666666666667 0.5
0.41145833333333337 -0.41145833333333337 0.5
0.40625 -0.40625 0.5
0.4010416666666667 -0.4010416666666667 0.5
0.39583333333333337 -0.39583333333333337 0.5
0.390625 -0.390625 0.5
0.3854166666666667 -0.3854166666666667 0.5
0.38020833333333337 -0.38020833333333337 0.5
0.375 -0.375 0.5
0.3697916666666667 -0.3697916666666667 0.5
0.36458333333333337 -0.36458333333333337 0.5
0.359375 -0.359375 0.5
0.3541666666666667 -0.3541666666666667 0.5
0.34895833333333337 -0.34895833333333337 0.5
0.34375 -0.34375 0.5
0.3385416666666667 -0.3385416666666667 0.5
0.33333333333333337 -0.33333333333333337 0.5
0.328125 -0.328125 0.5
0.3229166666666667 -0.3229166666666667 0.5
0.31770833333333337 -0.31770833333333337 0.5
0.3125 -0.3125 0.5
0.3072916666666667 -0.3072916666666667 0.5
0.30208333333333337 -0.30208333333333337 0.5
0.296875 -0.296875 0.5
0.2916666666666667 -0.2916666666666667 0.5
0.28645833333333337 -0.28645833333333337 0.5
0.28125 -0.28125 0.5
0.2760416666666667 -0.2760416666666667 0.5
0.27083333333333337 -0.27083333333333337 0.5
0.265625 -0.265625 0.5
0.2604166666666667 -0.2604166666666667 0.5
0.25520833333333337 -0.25520833333333337 0.5
0.25 -0.25 0.5
0.24479166666666669 -0.24479166666666669 0.5
0.23958333333333337 -0.23958333333333337 0.5
0.234375 -0.234375 0.5
0.22916666666666669 -0.22916666666666669 0.5
0.22395833333333337 -0.22395833333333337 0.5
0.21875 -0.21875 0.5
0.21354166666666669 -0.21354166666666669 0.5
0.20833333333333337 -0.20833333333333337 0.5
0.203125 -0.203125 0.5
0.19791666666666669 -0.19791666666666669 0.5
0.19270833333333337 -0.19270833333333337 0.5
0.1875 -0.1875 0.5
0.18229166666666669 -0.18229166666666669 0.5
0.17708333333333337 -0.17708333333333337 0.5
0.171875 -0.171875 0.5
0.16666666666666669 -0.16666666666666669 0.5
0.16145833333333337 -0.16145833333333337 0.5
0.15625 -0.15625 0.5
0.15104166666666669 -0.15104166666666669 0.5
0.14583333333333337 -0.14583333333333337 0.5
0.140625 -0.140625 0.5
0.13541666666666669 -0.13541666666666669 0.5
0.13020833333333337 -0.13020833333333337 0.5
0.125 -0.125 0.5
0.11979166666666669 -0.11979166666666669 0.5
0.11458333333333337 -0.11458333333333337 0.5
0.109375 -0.109375 0.5
0.10416666666666669 -0.10416666666666669 0.5
0.09895833333333337 -0.09895833333333337 0.5
0.09375 -0.09375 0.5
0.08854166666666669 -0.08854166666666669 0.5
0.08333333333333337 -0.08333333333333337 0.5
0.078125 -0.078125 0.5
0.07291666666666669 -0.07291666666666669 0.5
0.06770833333333337 -0.06770833333333337 0.5
0.0625 -0.0625 0.5
0.057291666666666685 -0.057291666666666685 0.5
0.05208333333333337 -0.05208333333333337 0.5
0.046875 -0.046875 0.5
0.041666666666666685 -0.041666666666666685 0.5
0.03645833333333337 -0.03645833333333337 0.5
0.03125 -0.03125 0.5
0.026041666666666685 -0.026041666666666685 0.5
0.02083333333333337 -0.02083333333333337 0.5
0.015625 -0.015625 0.5
0.010416666666666685 -0.010416666666666685 0.5
0.00520833333333337 -0.00520833333333337 0.5
0.0 0.0 0.5
0.0 0.0 0.4925373134328358
0.0 0.0 0.48507462686567165
0.0 0.0 0.47761194029850745
0.0 0.0 0.4701492537313433
0.0 0.0 0.4626865671641791
0.0 0.0 0.4552238805970149
0.0 0.0 0.44776119402985076
0.0 0.0 0.44029850746268656
0.0 0.0 0.4328358208955224
0.0 0.0 0.4253731343283582
0.0 0.0 0.417910447761194
0.0 0.0 0.41044776119402987
0.0 0.0 0.40298507462686567
0.0 0.0 0.3955223880597015
0.0 0.0 0.3880597014925373
0.0 0.0 0.3805970149253731
0.0 0.0 0.3731343283582089
0.0 0.0 0.3656716417910448
0.0 0.0 0.35820895522388063
0.0 0.0 0.35074626865671643
0.0 0.0 0.34328358208955223
0.0 0.0 0.33582089552238803
0.0 0.0 0.3283582089552239
0.0 0.0 0.32089552238805974
0.0 0.0 0.31343283582089554
0.0 0.0 0.30597014925373134
0.0 0.0 0.29850746268656714
0.0 0.0 0.291044776119403
0.0 0.0 0.28358208955223885
0.0 0.0 0.27611940298507465
0.0 0.0 0.26865671641791045
0.0 0.0 0.26119402985074625
0.0 0.0 0.2537313432835821
0.0 0.0 0.2462686567164179
0.0 0.0 0.23880597014925375
0.0 0.0 0.23134328358208955
0.0 0.0 0.22388059701492535
0.0 0.0 0.2164179104477612
0.0 0.0 0.208955223880597
0.0 0.0 0.20149253731343286
0.0 0.0 0.19402985074626866
0.0 0.0 0.18656716417910446
0.0 0.0 0.17910447761194032
0.0 0.0 0.17164179104477612
0.0 0.0 0.16417910447761197
0.0 0.0 0.15671641791044777
0.0 0.0 0.14925373134328357
0.0 0.0 0.14179104477611942
0.0 0.0 0.13432835820895522
0.0 0.0 0.12686567164179108
0.0 0.0 0.11940298507462688
0.0 0.0 0.11194029850746268
0.0 0.0 0.10447761194029853
0.0 0.0 0.09701492537313433
0.0 0.0 0.08955223880597013
0.0 0.0 0.08208955223880599
0.0 0.0 0.07462686567164178
0.0 0.0 0.06716417910447764
0.0 0.0 0.05970149253731344
0.0 0.0 0.05223880597014924
0.0 0.0 0.04477611940298509
0.0 0.0 0.03731343283582089
0.0 0.0 0.029850746268656747
0.0 0.0 0.022388059701492546
0.0 0.0 0.014925373134328346
0.0 0.0 0.007462686567164201
0.0 0.0 0.0
0.00423728813559322 0.00423728813559322 0.00423728813559322
0.00847457627118644 0.00847457627118644 0.00847457627118644
0.012711864406779662 0.012711864406779662 0.012711864406779662
0.01694915254237288 0.01694915254237288 0.01694915254237288
0.0211864406779661 0.0211864406779661 0.0211864406779661
0.025423728813559324 0.025423728813559324 0.025423728813559324
0.029661016949152543 0.029661016949152543 0.029661016949152543
0.03389830508474576 0.03389830508474576 0.03389830508474576
0.038135593220338986 0.038135593220338986 0.038135593220338986
0.0423728813559322 0.0423728813559322 0.0423728813559322
0.046610169491525424 0.046610169491525424 0.046610169491525424
0.05084745762711865 0.05084745762711865 0.05084745762711865
0.05508474576271186 0.05508474576271186 0.05508474576271186
0.059322033898305086 0.059322033898305086 0.059322033898305086
0.0635593220338983 0.0635593220338983 0.0635593220338983
0.06779661016949153 0.06779661016949153 0.06779661016949153
0.07203389830508475 0.07203389830508475 0.07203389830508475
0.07627118644067797 0.07627118644067797 0.07627118644067797
0.08050847457627118 0.08050847457627118 0.08050847457627118
0.0847457627118644 0.0847457627118644 0.0847457627118644
0.08898305084745763 0.08898305084745763 0.08898305084745763
0.09322033898305085 0.09322033898305085 0.09322033898305085
0.09745762711864407 0.09745762711864407 0.09745762711864407
0.1016949152542373 0.1016949152542373 0.1016949152542373
0.1059322033898305 0.1059322033898305 0.1059322033898305
0.11016949152542373 0.11016949152542373 0.11016949152542373
0.11440677966101695 0.11440677966101695 0.11440677966101695
0.11864406779661017 0.11864406779661017 0.11864406779661017
0.1228813559322034 0.1228813559322034 0.1228813559322034
0.1271186440677966 0.1271186440677966 0.1271186440677966
0.13135593220338984 0.13135593220338984 0.13135593220338984
0.13559322033898305 0.13559322033898305 0.13559322033898305
0.13983050847457626 0.13983050847457626 0.13983050847457626
0.1440677966101695 0.1440677966101695 0.1440677966101695
0.1483050847457627 0.1483050847457627 0.1483050847457627
0.15254237288135594 0.15254237288135594 0.15254237288135594
0.15677966101694915 0.15677966101694915 0.15677966101694915
0.16101694915254236 0.16101694915254236 0.16101694915254236
0.1652542372881356 0.1652542372881356 0.1652542372881356
0.1694915254237288 0.1694915254237288 0.1694915254237288
0.17372881355932204 0.17372881355932204 0.17372881355932204
0.17796610169491525 0.17796610169491525 0.17796610169491525
0.18220338983050846 0.18220338983050846 0.18220338983050846
0.1864406779661017 0.1864406779661017 0.1864406779661017
0.1906779661016949 0.1906779661016949 0.1906779661016949
0.19491525423728814 0.19491525423728814 0.19491525423728814
0.19915254237288135 0.19915254237288135 0.19915254237288135
0.2033898305084746 0.2033898305084746 0.2033898305084746
0.2076271186440678 0.2076271186440678 0.2076271186440678
0.211864406779661 0.211864406779661 0.211864406779661
0.21610169491525424 0.21610169491525424 0.21610169491525424
0.22033898305084745 0.22033898305084745 0.22033898305084745
0.2245762711864407 0.2245762711864407 0.2245762711864407
0.2288135593220339 0.2288135593220339 0.2288135593220339
0.2330508474576271 0.2330508474576271 0.2330508474576271
0.23728813559322035 0.23728813559322035 0.23728813559322035
0.24152542372881355 0.24152542372881355 0.24152542372881355
0.2457627118644068 0.2457627118644068 0.2457627118644068
0.25 0.25 0.25
0.24583333333333332 0.24583333333333332 0.25416666666666665
0.24166666666666667 0.24166666666666667 0.25833333333333336
0.2375 0.2375 0.2625
0.23333333333333334 0.23333333333333334 0.26666666666666666
0.22916666666666666 0.22916666666666666 0.2708333333333333
0.225 0.225 0.275
0.22083333333333333 0.22083333333333333 0.2791666666666667
0.21666666666666667 0.21666666666666667 0.2833333333333333
0.2125 0.2125 0.2875
0.20833333333333334 0.20833333333333334 0.2916666666666667
0.20416666666666666 0.20416666666666666 0.29583333333333334
0.2 0.2 0.3
0.19583333333333333 0.19583333333333333 0.3041666666666667
0.19166666666666665 0.19166666666666665 0.30833333333333335
0.1875 0.1875 0.3125
0.18333333333333335 0.18333333333333335 0.31666666666666665
0.17916666666666667 0.17916666666666667 0.3208333333333333
0.175 0.175 0.325
0.17083333333333334 0.17083333333333334 0.32916666666666666
0.16666666666666669 0.16666666666666669 0.3333333333333333
0.1625 0.1625 0.3375
0.15833333333333333 0.15833333333333333 0.3416666666666667
0.15416666666666667 0.15416666666666667 0.3458333333333333
0.15 0.15 0.35
0.14583333333333331 0.14583333333333331 0.3541666666666667
0.14166666666666666 0.14166666666666666 0.35833333333333334
0.1375 0.1375 0.3625
0.13333333333333333 0.13333333333333333 0.3666666666666667
0.12916666666666665 0.12916666666666665 0.37083333333333335
0.125 0.125 0.375
0.12083333333333335 0.12083333333333335 0.37916666666666665
0.11666666666666667 0.11666666666666667 0.3833333333333333
0.11249999999999999 0.11249999999999999 0.3875
0.10833333333333334 0.10833333333333334 0.39166666666666666
0.10416666666666666 0.10416666666666666 0.39583333333333337
0.1 0.1 0.4
0.09583333333333333 0.09583333333333333 0.4041666666666667
0.09166666666666667 0.09166666666666667 0.4083333333333333
0.0875 0.0875 0.4125
0.08333333333333334 0.08333333333333334 0.41666666666666663
0.07916666666666666 0.07916666666666666 0.42083333333333334
0.07500000000000001 0.07500000000000001 0.425
0.07083333333333333 0.07083333333333333 0.4291666666666667
0.06666666666666668 0.06666666666666668 0.43333333333333335
0.0625 0.0625 0.4375
0.05833333333333335 0.05833333333333335 0.44166666666666665
0.05416666666666667 0.05416666666666667 0.4458333333333333
0.04999999999999999 0.04999999999999999 0.45
0.04583333333333334 0.04583333333333334 0.45416666666666666
0.04166666666666666 0.04166666666666666 0.45833333333333337
0.037500000000000006 0.037500000000000006 0.4625
0.033333333333333326 0.033333333333333326 0.4666666666666667
0.029166666666666674 0.029166666666666674 0.4708333333333333
0.024999999999999994 0.024999999999999994 0.475
0.020833333333333343 0.020833333333333343 0.47916666666666663
0.016666666666666663 0.016666666666666663 0.48333333333333334
0.012500000000000011 0.012500000000000011 0.4875
0.008333333333333331 0.008333333333333331 0.4916666666666667
0.00416666666666668 0.00416666666666668 0.49583333333333335
0.0 0.0 0.5
# END KPATH_CARD
